1 0 0
2 0 0
3 0 0
4 0 0
5 0 0
6 0 0
7 0 0
8 0 0
9 0 0
10 0 0
11 0 0
12 0 0
13 0 0
14 0 0
15 0 0
16 0 0
17 0 0
18 0 0
19 0 0
20 0 0
21 0 0
22 0 0
23 0 0
24 0 0
25 0 0
26 0 0
27 0 0
28 0 0
29 0 0
30 0 0
31 0 0
32 0 0
33 0 0
34 0 0
35 0 0
36 0 0
37 0 0
38 0 0
39 0 0
40 0 0
41 0 0
42 0 0
43 0 0
44 0 0
45 0 0
46 0 0
47 0 0
48 0 0
49 0 0
50 0 0
51 0 1305
52 0 0
53 0 0
54 0 0
55 0 0
56 0 0
57 0 0
58 0 0
59 0 0
60 0 0
61 0 0
62 0 0
63 0 0
64 0 0
65 0 0
66 0 0
67 0 0
68 0 0
69 0 0
70 0 0
71 0 0
72 0 0
73 0 0
74 0 0
75 0 0
76 0 0
77 0 0
78 0 0
79 0 0
80 0 0
81 0 0
82 0 0
83 0 0
84 0 0
85 0 0
86 0 0
87 0 0
88 0 0
89 0 0
90 0 0
91 0 0
92 0 0
93 0 0
94 0 0
95 0 0
96 0 0
97 0 0
98 0 0
99 0 0
100 0 0
101 0 0
102 0 1311
103 0 0
104 0 0
105 0 0
106 0 0
107 0 0
108 0 0
109 0 0
110 0 0
111 0 0
112 0 0
113 0 0
114 0 0
115 0 0
116 0 0
117 0 0
118 0 0
119 0 0
120 0 0
121 0 0
122 0 0
123 0 0
124 0 0
125 0 0
126 0 0
127 0 0
128 0 0
129 0 0
130 0 0
131 0 0
132 0 0
133 0 0
134 0 0
135 0 0
136 0 0
137 0 0
138 0 0
139 0 0
140 0 0
141 0 0
142 0 0
143 0 0
144 0 0
145 0 0
146 0 0
147 0 0
148 0 0
149 0 0
150 0 0
151 0 0
152 0 0
153 0 1320
154 0 0
155 0 0
156 0 0
157 0 0
158 0 0
159 0 0
160 0 0
161 0 0
162 0 0
163 0 0
164 0 0
165 0 0
166 0 0
167 0 0
168 0 0
169 0 0
170 0 0
171 0 0
172 0 0
173 0 0
174 0 0
175 0 0
176 0 0
177 0 0
178 0 0
179 0 0
180 0 0
181 0 0
182 0 0
183 0 0
184 0 0
185 0 0
186 0 0
187 0 0
188 0 0
189 0 0
190 0 0
191 0 0
192 0 0
193 0 0
194 0 0
195 0 0
196 0 0
197 0 0
198 0 0
199 0 0
200 0 0
201 0 0
202 0 0
203 0 0
204 0 1339
205 0 0
206 0 0
207 0 0
208 0 0
209 0 0
210 0 0
211 0 0
212 0 0
213 0 0
214 0 0
215 0 0
216 0 0
217 0 0
218 0 0
219 0 0
220 0 0
221 0 0
222 0 0
223 0 0
224 0 0
225 0 0
226 0 0
227 0 0
228 0 0
229 0 0
230 0 0
231 0 0
232 0 0
233 0 0
234 0 0
235 0 0
236 0 0
237 0 0
238 0 0
239 0 0
240 0 0
241 0 0
242 0 0
243 0 0
244 0 0
245 0 0
246 0 0
247 0 0
248 0 0
249 0 0
250 0 0
251 0 0
252 0 0
253 0 0
254 0 0
255 0 1629
256 0 13
257 0 14
258 0 13
259 0 13
260 0 14
261 0 15
262 0 13
263 0 14
264 0 16
265 0 16
266 0 19
267 0 21
268 0 20
269 0 15
270 0 11
271 0 13
272 0 12
273 0 14
274 0 12
275 0 12
276 0 10
277 0 11
278 0 12
279 0 10
280 0 7
281 0 7
282 0 8
283 0 8
284 0 8
285 0 9
286 0 10
287 0 11
288 0 11
289 0 11
290 0 11
291 0 13
292 0 13
293 0 13
294 0 13
295 0 20
296 0 20
297 0 21
298 0 22
299 0 22
300 0 23
301 0 22
302 0 23
303 0 23
304 0 24
305 0 27
306 0 29
307 0 29
308 0 30
309 0 31
310 0 32
311 0 32
312 0 30
313 0 33
314 0 33
315 0 33
316 0 35
317 0 36
318 0 38
319 0 39
320 0 42
321 0 42
322 0 44
323 0 45
324 0 52
325 0 60
326 0 66
327 0 66
328 0 63
329 0 57
330 0 60
331 0 69
332 0 70
333 0 72
334 0 71
335 0 61
336 0 69
337 0 68
338 0 66
339 0 60
340 0 57
341 0 59
342 0 60
343 0 60
344 0 59
345 0 57
346 0 58
347 0 59
348 0 56
349 0 54
350 0 54
351 0 53
352 0 47
353 0 47
354 0 47
355 0 45
356 0 34
357 0 40
358 0 39
359 0 38
360 0 38
361 0 34
362 0 35
363 0 34
364 0 35
365 0 34
366 0 33
367 0 32
368 0 32
369 0 28
370 0 27
371 0 24
372 0 23
373 0 27
374 0 8
375 0 0
376 0 0
377 0 0
378 0 0
379 0 0
380 0 0
381 0 0
382 0 0
383 0 0
384 0 0
385 0 0
386 0 0
387 0 0
388 0 0
389 0 2
390 0 3
391 0 4
392 0 3
393 0 4
394 0 5
395 0 5
396 0 6
397 0 6
398 0 7
399 0 10
400 0 11
401 0 15
402 0 16
403 0 16
404 0 14
405 0 14
406 0 17
407 0 18
408 0 22
409 0 22
410 0 27
411 0 29
412 0 34
413 0 36
414 0 36
415 0 37
416 0 38
417 0 40
418 0 41
419 0 39
420 0 42
421 0 41
422 0 40
423 0 42
424 0 49
425 0 49
426 0 47
427 0 47
428 0 45
429 0 46
430 0 48
431 0 49
432 0 49
433 0 49
434 0 48
435 0 48
436 0 50
437 0 52
438 0 52
439 0 54
440 0 50
441 0 55
442 0 50
443 0 55
444 0 52
445 0 54
446 0 52
447 0 51
448 0 51
449 0 50
450 0 53
451 0 56
452 0 52
453 0 52
454 0 52
455 0 51
456 0 46
457 0 47
458 0 44
459 0 38
460 0 40
461 0 40
462 0 38
463 0 37
464 0 38
465 0 38
466 0 38
467 0 34
468 0 32
469 0 33
470 0 39
471 0 37
472 0 36
473 0 33
474 0 33
475 0 32
476 0 29
477 0 30
478 0 30
479 0 32
480 0 32
481 0 32
482 0 32
483 0 31
484 0 31
485 0 29
486 0 30
487 0 31
488 0 28
489 0 30
490 0 31
491 0 30
492 0 31
493 0 29
494 0 27
495 0 23
496 0 13
497 0 14
498 0 13
499 0 13
500 0 13
501 0 12
502 0 12
503 0 11
504 0 10
505 0 9
506 0 8
507 0 6
508 0 3
509 0 4
510 0 3
511 0 3
512 0 2
513 0 3
514 0 4
515 0 3
516 0 3
517 0 11
518 0 12
519 0 10
520 0 7
521 0 7
522 0 8
523 0 8
524 0 8
525 0 9
526 0 10
527 0 11
528 0 11
529 0 11
530 0 11
531 0 13
532 0 13
533 0 13
534 0 13
535 0 20
536 0 20
537 0 23
538 0 27
539 0 30
540 0 32
541 0 31
542 0 32
543 0 34
544 0 36
545 0 38
546 0 44
547 0 46
548 0 40
549 0 41
550 0 45
551 0 53
552 0 55
553 0 59
554 0 59
555 0 55
556 0 47
557 0 46
558 0 46
559 0 48
560 0 51
561 0 52
562 0 51
563 0 50
564 0 52
565 0 48
566 0 45
567 0 42
568 0 44
569 0 40
570 0 47
571 0 51
572 0 51
573 0 52
574 0 58
575 0 58
576 0 50
577 0 50
578 0 53
579 0 63
580 0 69
581 0 69
582 0 64
583 0 56
584 0 54
585 0 53
586 0 54
587 0 56
588 0 54
589 0 51
590 0 47
591 0 51
592 0 49
593 0 46
594 0 45
595 0 42
596 0 34
597 0 32
598 0 28
599 0 24
600 0 25
601 0 27
602 0 26
603 0 25
604 0 25
605 0 18
606 0 22
607 0 20
608 0 20
609 0 18
610 0 12
611 0 10
612 0 8
613 0 12
614 0 12
615 0 0
616 0 0
617 0 0
618 0 0
619 0 0
620 0 0
621 0 0
622 0 0
623 0 0
624 0 0
625 0 0
626 0 0
627 0 0
628 0 0
629 0 2
630 0 3
631 0 4
632 0 3
633 0 4
634 0 5
635 0 5
636 0 7
637 0 10
638 0 13
639 0 18
640 0 15
641 0 17
642 0 20
643 0 23
644 0 21
645 0 19
646 0 25
647 0 25
648 0 27
649 0 27
650 0 28
651 0 31
652 0 31
653 0 34
654 0 33
655 0 34
656 0 31
657 0 34
658 0 32
659 0 32
660 0 37
661 0 36
662 0 33
663 0 33
664 0 36
665 0 37
666 0 35
667 0 35
668 0 37
669 0 41
670 0 38
671 0 39
672 0 40
673 0 44
674 0 44
675 0 43
676 0 43
677 0 42
678 0 41
679 0 40
680 0 39
681 0 41
682 0 37
683 0 36
684 0 42
685 0 42
686 0 43
687 0 40
688 0 37
689 0 35
690 0 33
691 0 36
692 0 42
693 0 43
694 0 42
695 0 31
696 0 28
697 0 34
698 0 33
699 0 35
700 0 38
701 0 36
702 0 33
703 0 32
704 0 30
705 0 30
706 0 31
707 0 31
708 0 33
709 0 33
710 0 35
711 0 37
712 0 38
713 0 35
714 0 33
715 0 32
716 0 30
717 0 30
718 0 27
719 0 27
720 0 27
721 0 25
722 0 25
723 0 21
724 0 21
725 0 20
726 0 19
727 0 20
728 0 20
729 0 20
730 0 19
731 0 20
732 0 19
733 0 19
734 0 20
735 0 19
736 0 13
737 0 13
738 0 13
739 0 13
740 0 13
741 0 12
742 0 11
743 0 10
744 0 10
745 0 9
746 0 7
747 0 6
748 0 3
749 0 1
750 0 1
751 0 1
752 0 2
753 0 2
754 0 2
755 0 2
756 0 1
757 0 1
758 0 1
759 0 0
760 0 0
761 0 0
762 0 0
763 0 0
764 0 0
765 0 0
766 0 0
767 0 0
768 0 0
769 0 0
770 0 0
771 0 0
772 0 0
773 0 0
774 0 0
775 0 0
776 0 0
777 0 1
778 0 2
779 0 4
780 0 8
781 0 6
782 0 5
783 0 4
784 0 6
785 0 5
786 0 6
787 0 6
788 0 7
789 0 8
790 0 9
791 0 7
792 0 6
793 0 8
794 0 9
795 0 7
796 0 11
797 0 9
798 0 8
799 0 7
800 0 6
801 0 8
802 0 13
803 0 15
804 0 14
805 0 13
806 0 13
807 0 15
808 0 16
809 0 20
810 0 21
811 0 22
812 0 23
813 0 21
814 0 22
815 0 25
816 0 25
817 0 24
818 0 24
819 0 23
820 0 23
821 0 25
822 0 26
823 0 24
824 0 24
825 0 23
826 0 21
827 0 22
828 0 20
829 0 21
830 0 20
831 0 19
832 0 17
833 0 18
834 0 17
835 0 10
836 0 6
837 0 6
838 0 7
839 0 6
840 0 4
841 0 4
842 0 4
843 0 4
844 0 3
845 0 4
846 0 4
847 0 2
848 0 3
849 0 1
850 0 1
851 0 1
852 0 1
853 0 3
854 0 0
855 0 0
856 0 0
857 0 0
858 0 0
859 0 0
860 0 0
861 0 0
862 0 0
863 0 0
864 0 0
865 0 0
866 0 0
867 0 0
868 0 0
869 0 0
870 0 0
871 0 0
872 0 0
873 0 0
874 0 0
875 0 0
876 0 0
877 0 0
878 0 0
879 0 0
880 0 1
881 0 4
882 0 2
883 0 1
884 0 2
885 0 3
886 0 2
887 0 2
888 0 4
889 0 4
890 0 5
891 0 5
892 0 4
893 0 7
894 0 5
895 0 3
896 0 6
897 0 5
898 0 6
899 0 7
900 0 8
901 0 5
902 0 7
903 0 5
904 0 5
905 0 5
906 0 4
907 0 6
908 0 4
909 0 7
910 0 7
911 0 8
912 0 13
913 0 11
914 0 11
915 0 10
916 0 10
917 0 9
918 0 14
919 0 14
920 0 13
921 0 15
922 0 17
923 0 17
924 0 17
925 0 18
926 0 15
927 0 18
928 0 15
929 0 15
930 0 18
931 0 16
932 0 16
933 0 16
934 0 16
935 0 16
936 0 19
937 0 17
938 0 18
939 0 18
940 0 18
941 0 16
942 0 18
943 0 21
944 0 17
945 0 15
946 0 16
947 0 15
948 0 17
949 0 15
950 0 13
951 0 14
952 0 21
953 0 23
954 0 19
955 0 20
956 0 13
957 0 13
958 0 12
959 0 12
960 0 10
961 0 11
962 0 14
963 0 9
964 0 9
965 0 10
966 0 8
967 0 10
968 0 9
969 0 10
970 0 11
971 0 14
972 0 14
973 0 14
974 0 17
975 0 18
976 0 13
977 0 13
978 0 13
979 0 13
980 0 13
981 0 12
982 0 11
983 0 10
984 0 10
985 0 9
986 0 7
987 0 6
988 0 3
989 0 1
990 0 1
991 0 1
992 0 2
993 0 0
994 0 2
995 0 1
996 0 0
997 0 1
998 0 1
999 0 0
1000 0 0
1001 0 0
1002 0 0
1003 0 0
1004 0 0
1005 0 0
1006 0 0
1007 0 0
1008 0 0
1009 0 0
1010 0 0
1011 0 0
1012 0 0
1013 0 0
1014 0 0
1015 0 0
1016 0 0
1017 0 0
1018 0 0
1019 0 0
1020 0 0
1021 0 0
1022 0 0
1023 0 2
1024 0 2
1025 0 2
1026 0 1
1027 0 0
1028 0 1
1029 0 1
1030 0 0
1031 0 0
1032 0 0
1033 0 2
1034 0 4
1035 0 3
1036 0 3
1037 0 2
1038 0 4
1039 0 3
1040 0 3
1041 0 4
1042 0 4
1043 0 6
1044 0 6
1045 0 4
1046 0 5
1047 0 7
1048 0 6
1049 0 12
1050 0 11
1051 0 10
1052 0 13
1053 0 12
1054 0 13
1055 0 14
1056 0 14
1057 0 13
1058 0 15
1059 0 15
1060 0 15
1061 0 24
1062 0 18
1063 0 17
1064 0 17
1065 0 17
1066 0 15
1067 0 14
1068 0 16
1069 0 16
1070 0 16
1071 0 16
1072 0 16
1073 0 15
1074 0 10
1075 0 6
1076 0 6
1077 0 4
1078 0 5
1079 0 4
1080 0 2
1081 0 1
1082 0 1
1083 0 1
1084 0 2
1085 0 2
1086 0 2
1087 0 1
1088 0 2
1089 0 1
1090 0 1
1091 0 0
1092 0 0
1093 0 0
1094 0 0
1095 0 0
1096 0 0
1097 0 0
1098 0 0
1099 0 0
1100 0 0
1101 0 0
1102 0 0
1103 0 0
1104 0 0
1105 0 0
1106 0 0
1107 0 0
1108 0 0
1109 0 0
1110 0 0
1111 0 0
1112 0 0
1113 0 0
1114 0 0
1115 0 0
1116 0 0
1117 0 0
1118 0 0
1119 0 0
1120 0 1
1121 0 3
1122 0 2
1123 0 1
1124 0 0
1125 0 1
1126 0 1
1127 0 0
1128 0 1
1129 0 2
1130 0 1
1131 0 1
1132 0 2
1133 0 1
1134 0 2
1135 0 2
1136 0 1
1137 0 2
1138 0 3
1139 0 2
1140 0 2
1141 0 3
1142 0 1
1143 0 3
1144 0 2
1145 0 3
1146 0 4
1147 0 4
1148 0 4
1149 0 7
1150 0 7
1151 0 7
1152 0 8
1153 0 8
1154 0 6
1155 0 5
1156 0 3
1157 0 5
1158 0 5
1159 0 7
1160 0 5
1161 0 14
1162 0 17
1163 0 13
1164 0 13
1165 0 15
1166 0 6
1167 0 6
1168 0 7
1169 0 7
1170 0 9
1171 0 8
1172 0 9
1173 0 9
1174 0 10
1175 0 10
1176 0 16
1177 0 10
1178 0 11
1179 0 11
1180 0 12
1181 0 13
1182 0 12
1183 0 13
1184 0 13
1185 0 9
1186 0 8
1187 0 8
1188 0 6
1189 0 5
1190 0 9
1191 0 9
1192 0 14
1193 0 11
1194 0 15
1195 0 20
1196 0 9
1197 0 10
1198 0 10
1199 0 11
1200 0 10
1201 0 9
1202 0 8
1203 0 7
1204 0 5
1205 0 4
1206 0 5
1207 0 5
1208 0 4
1209 0 4
1210 0 4
1211 0 3
1212 0 3
1213 0 4
1214 0 6
1215 0 4
